lrate		reg term		params		iterations		init		%
0.1			0.02			5			10							-4.56


0.1			0.02			5			20							-3.9  ***********
0.1			0.02			6			20							-3.86  ***********
0.1			0.02			8			20							-3.81  ***********
0.1			0.02			10			20							-3.80  ***********

0.1			0.02			5			30							-3.79
0.1			0.02			5			50							-3.78
0.01		0.02			5			20							-97.6
0.01		0.02			5			60							-117.63
0.001		-				10			1							-7.78
0.001		-				10			10							-9.59
0.001		-				10			18							-28.14
0.1			-				5			20							-16.61
0.1			0.02			5			20							-4.03


0.1			0.02			35			1							-7.27
0.1			0.02			35			3							-5.78
0.1			0.02			35			4							-5.86

0.01		0.02			35			3				0.1			-165.98%

0.1			0.02			35			11				0.1			-4.43
0.1			0.02			35			12				0.1			-4.28
0.1			0.02			35			18				0.1			-3.84

0.1			0.02			40			7				0.1			-7.96
0.1			0.02			40			9				0.1			-4.91
0.1			0.02			40			10				0.1			-4.64

0.1			0.02			5			5				0.1			-7.18
0.1			0.02			5			22				0.1			-4.01
0.1			0.02			5			42				0.1			-3.89
0.1			0.02			5			56				0.1			-3.89
0.1			0.02			5			66				0.1			-3.9
0.1			0.02			5			78				0.1			-3.9
0.1			0.02			5			97				0.1			-3.9


0.001		-				10			7				0.1			-4.96
0.001		-				10			12				0.1			-14.49

0.001		-				3			30				rand(0,.1)	-0.59		
0.001		-				3			60				rand(0,.1)	-0.89
0.001		-				3			90				rand(0,.1)	-5.42

0.001		-				3			20				rand(0,.1)	-3.15	w/BL
0.001		-				3			30				rand(0,.1)	-0.59	w/BL
0.001		-				3			40				rand(0,.1)	-0.47	w/BL
0.001/0.00001-				3			50				rand(0,.1)	-0.28	w/BL
0.001/0.00001-				3			60				rand(0,.1)	-0.28	w/BL
0.001/0.00001-				3			100				rand(0,.1)	-0.33	w/BL
0.001		-				3			50				rand(0,.1)	-0.62	w/BL
0.001		-				3			60				rand(0,.1)	-0.85	w/BL

0.001		-				7			5				rand(0,.1)	-81.36	w/BL
0.001		-				7			10				rand(0,.1)	-1.78	w/BL
0.001		-				7			20				rand(0,.1)	-1.68	w/BL
0.001		-				7			30				rand(0,.1)	-11.68	w/BL
0.001		-				7			35				rand(0,.1)	-11.36	w/BL
0.001		-				7			45				rand(0,.1)	-58.38	w/BL
0.001		-				7			50				rand(0,.1)	-61.11	w/BL

0.001		0.02			3			10				rand(0,.1)	-3.15	w/BL
